100
001 1 073
002 5 033
003 8 013
004 4 003
005 9 023
006 -2 043
007 -5 053
008 -1 063
009 7 083
010 2 093
011 5 002
012 7 012
013 4 022
014 6 032
015 9 042
016 2 052
017 5 062
018 8 072
019 10 082
020 13 092
021 -2 001
022 -5 011
023 -8 021
024 -1 031
025 0 041
026 0 051
027 5 061
028 4 071
029 7 081
030 8 091
031 9 001
032 5 010
033 2 020
034 3 030
035 4 040
036 1 050
037 2 060
038 3 070
039 3 080
040 5 090
041 8 100
042 -7 034
043 -7 024
044 -5 014
045 8 014
046 12 091
047 13 019
048 21 086
049 -15 046
050 -11 056
051 16 036
052 17 018
053 18 028
054 19 017
055 20 027
056 13 098
057 5 099
058 7 089
059 8 088
060 5 087
061 4 086
062 1 085
063 0 084
064 0 016
065 9 026
066 19 076
067 14 056
068 15 033
069 16 055
070 33 065
071 31 045
072 29 035
073 28 025
074 27 015
075 26 075
076 5 085
077 4 095
078 3 070
079 2 071
080 1 072
081 0 073
082 -1 074
083 -2 075
084 -3 076
085 -4 077
086 -5 038
087 -6 039
088 -7 040
089 -8 020
090 -9 017
091 -10 037
092 -11 066
093 -12 068
094 -13 069
095 7 064
096 8 063
097 9 052
098 0 051
099 1 057
100 13 058
062 1 019
063 0 019
064 0 020
065 9 020
066 19 035
067 14 035
068 15 033
069 16 033
070 33 065
071 31 065
072 29 035
073 28 035
074 27 015
075 26 015
076 5 085
077 4 085
078 3 070
079 2 070
080 1 072
081 0 072
082 -1 074
083 -2 074
084 -3 076
085 -4 076
086 -5 038
087 -6 038
088 -7 087
032 1 085
073 0 084
084 0 016
095 9 026
016 19 076
027 14 056
028 15 033
039 16 055
040 33 065
051 31 045
062 29 035
053 28 025
064 27 015
075 26 075
086 5 085
097 4 095
078 3 070
059 2 071
020 1 072
011 0 073
012 -1 074
003 -2 075
004 -3 076
005 -4 077
086 -5 038
037 -6 039
048 -7 040
